%% === Copiar y pegar en Matlab (IRIS) ===
h.L_GDP(startfcast:startfcast+8) = [1084.29927011927, 1085.00892807028, 1085.84145661546, 1086.27867748464, 1086.80189166681, 1087.48004297067, 1087.85014667668, 1088.20627929201, 1088.99848885206];
h.L_GDP_BAR(startfcast:startfcast+8) = [1084.68427011927, 1085.36992807028, 1086.28045661546, 1086.77667748464, 1087.31789166681, 1087.96204297067, 1088.27514667668, 1088.57927929201, 1089.29848885206];
h.L_CPI(startfcast:startfcast+8) = [470.029803286323, 472.022921046833, 472.805050725443, 473.380437973851, 473.945816725858, 474.734911869413, 475.334684000813, 476.14399745784, 476.901988211724];
h.L_CPIXFE(startfcast:startfcast+8) = [469.899532347963, 470.950000276087, 471.754333380352, 472.072650306216, 473.126985227113, 474.170094254886, 474.710796127082, 475.037170933776, 476.122081061912];
h.L_PCU(startfcast:startfcast+8) = [142.115844692486, 145.628540581732, 146.517592677686, 144.614503149265, 139.408653468953, 137.463006499084, 135.991038471652, 135.002926891677, 134.251468649289];
h.L_WTI(startfcast:startfcast+8) = [418.341527295298, 424.689558862263, 422.945186755112, 420.25477005112, 410.462058722905, 406.311233467121, 403.257105578398, 401.5266089459, 400.338539797028];
h.CRECSC(startfcast:startfcast+8) = [2.7, 2.7, 2.7, 2.7, 2.9, 2.9, 2.9, 2.9, 2.9];
h.FFR(startfcast:startfcast+8) = [3.6, 3.6, 3.6, 3.6, 3.4, 3.4, 3.4, 3.4, 3.1];
h.UST10(startfcast:startfcast+8) = [4.25, 4.5, 4.55, 4.65, 4.63, 4.55, 4.37, 4.2, 4];
h.VIX(startfcast:startfcast+8) = [24, 22, 21, 19, 18.5, 18, 17.25, 17, 17];
h.L_Z(startfcast:startfcast+8) = [464.9187, 463.9572, 463.4729, 463.1690396, 462.7420795, 462.4973, 462, 462, 462];
h.TPMN1(startfcast:startfcast+8) = [4, 4, 4, 4, 4, 4, 4, 4, 4];
